#PARAMETERS
ROWS = 24
COLUMNS = 28
START_ROW = 2
END_ROW = 23
START_COLUMN = 2
END_COLUMN = 15
SQUARE_SZ = 0.5
smooth = f: ([-1, 0] + [0, 1] + [1, 0] + [0, -1] + [-1, -1] - [-1, -1] / 2**0.5 + [-1, 1] - [-1, 1] / 2**0.5 + [1, 1] - [1, 1] / 2**0.5 + [1, -1] - [1, -1] / 2**0.5 + 4 * [0, 0] / 2**0.5 + 2 * [0, 0]) / 10.0

#RELIEF
+D_HEIGHTS f: (max([-1, -1], [-1, 0], [-1, 1], [0, -1], [0, 0], [0, 1], [1, -1], [1, 0], [1, 1]) - min([-1, -1], [-1, 0], [-1, 1], [0, -1], [0, 0], [0, 1], [1, -1], [1, 0], [1, 1])) / [0, 0]
+BALANCE f: [-1, 0] + [0, 1] + [1, 0] + [0, -1] + ([-1, -1] + [-1, 1] + [1, 1] + [1, -1]) / (2**0.5) - (4.0 + 4.0 / (2**0.5)) * [0, 0]
+ABS_BALANCE f: abs([0, 1] + [1, 0] + [0, -1] + [-1, 0] + ([-1, -1] + [1, -1] + [1, 1] + [-1, 1]) / (2**0.5) - (4.0 + 4.0 / (2**0.5)) * [0, 0])
187 190 194 202 220 217 215 209 202 202 202 202 202 202 203 209 217 242 269 235 210 207 197 202 202 194 191 190
189 187 202 217 233 233 231 240 232 202 202 203 202 202 209 210 217 220 231 231 227 221 206 202 201 194 191 186
214 204 208 216 231 231 231 248 237 208 205 209 209 209 217 217 217 217 217 217 217 211 206 209 203 202 195 191
205.1 200.5 200.8 220.2 235 235.9 220 219.8 213.4 215.9 215.6 219.2 218.6 224.9 231.4 237.2 238.8 242.2 232.6 225.8 218.1 217 217 215 204 200 195 191
186.3 191.8 205.2 216 232 232.4 225.1 223.3 223.3 227.3 226.3 228.3 240 244.5 250.1 254.2 267.8 250 237.7 230.3 228.2 223 220 210 204 202 198 196
189.8 192 201 222.3 227.6 230.8 236.2 238.4 237.4 238.4 239.4 246.1 269.9 268.7 264.4 260 257.4 250 242.6 238.7 236 232 227 225 225 217 210 209
198.4 198.2 199.7 214.4 224.9 238.4 245.6 253.2 249.2 251.4 258.7 275 290 287.7 281.7 275.3 266.1 260.6 254.4 249.6 249.7 243 237 234 241 238 231 225
198.4 209.8 218.9 228.5 239.7 249.8 254.7 264.5 262.4 268.3 277.8 290.2 303.7 310.8 299.6 293 283.8 272.9 263.7 269.3 265.3 261 259 260 275 258 252 250
195.7 210.8 230.2 237.2 248.5 257.8 266.8 275.9 285 294.7 306.9 314.1 323.1 325.6 320.2 305.3 298.3 279.2 282.8 287.8 282.8 280 289 294 287 271 276 275
198.6 209 230.7 241.4 260.5 274 286.1 299.5 304.4 316.2 339.3 337.2 347.1 349.6 332.2 314.3 300 289.6 298.8 306.3 301.6 297 316 311 293 282 300 301
201.8 213.6 235.2 249.5 267.2 285.8 307.9 323 327.7 342.4 365 365.1 372.3 361 335.4 316.1 301.1 304.8 312 332.4 324.1 324 342 345 316 307 322 325
214.9 225.5 242 260.3 275.5 296.7 319.3 342.7 356.7 378.1 385.8 394.5 392.8 364.7 331.7 316.9 320.2 337.5 340.6 347.8 343.9 363 367 374 346 331 349 358
238.2 244.3 261.2 280.7 322.4 350.4 362.7 361.5 389.2 411.1 416.9 417.7 399.5 356.2 337.1 362.4 415.5 427.6 427.5 378 383.1 442 457 440 382 348 366 400
260.2 273.4 296.7 353.5 407.3 431.5 423.6 391.3 448.5 499 500.9 461.5 402.9 363.8 349.9 407.6 507.1 508.7 428.5 416.5 433.4 457 519 491 416 374 384 439
293.1 316.9 364.7 428.4 487.4 526.3 447.9 447.4 525.5 579 555.6 469.1 406.6 364.9 367.5 471.4 534.9 541.7 483.6 499.2 512.4 502 573 564 470 443 401 537
327.7 364 442.2 512.6 576.2 529.6 479.8 525.4 606.5 612.4 554.3 478.8 397.8 380 436.1 546.7 603.8 650.6 630.4 630.6 643.3 583 549 621 531 534 483 639
377.1 449.2 524.9 597.2 636.1 538.5 602.9 636.9 656.9 610.7 539.6 468.4 409.7 399 453.4 596.8 764.8 787.6 765.9 759.6 745 682 729 725 597 582 566 712
407.3 530.2 623.9 689 624.6 637.4 703.1 737.5 678.8 587.2 511.5 495.7 476.2 399.1 412.3 493.3 748.8 841.5 877.1 904.5 851.5 794 804 780 583 674 637 774
482.3 599.4 710.1 746.3 670.3 707.1 796.4 777.5 645.6 600.9 519.7 571.2 585.1 479.2 430.4 441.8 549.8 827.9 907 937.8 931.5 873 861 828 731 627 654 706
517.2 669.5 776.7 786.7 752.6 746.8 849.9 803.8 670 665.3 622.5 609.8 619 646 732.6 548.9 488.3 785.5 896.4 908.1 922.7 913 900 868 802 758 687 644
558.4 702.6 788.1 832.6 847.9 857.5 885.5 841.2 708.2 717.5 751.5 623.4 600 743.9 849.5 871 550.7 697.6 838.7 824.8 870.7 927 925 880 823 761 701 648
528.6 604.7 720 872.8 949.6 949.9 955.5 838.9 735.5 736.7 847 655.6 600 723.9 903.5 852.6 698.4 696.6 732.3 733 822 884 908 857 803 759 705 665
582 662 809 980 1025 1037 1023 844 805 749 927 664 600 694 915 836 679 657 661 692 776 838 881 857 809 770 734 701
611 706 870 964 901 840 930 890 753 915 997 730 845 921 891 810 707 627 621 607 718 773 800 839 828 808 772 744

#ORE_CONTENT*
- - - - - - - - - - - - - - - - - - - - - - - - - - - -
- 0 0 0 0 0 0 0 0 0 2 0 2 0 0 0 0 0 0 0 0 0 0 0 0 0 0 -
- 0 0 0 0 0 0 0 2 4 0 0 4 0 0 0 0 0 0 0 0 0 0 0 0 0 0 -
- 0 0 0 0 0 0 0 0 0 0 0 0 0 0 0 0 0 0 0 0 2 2 0 2 2 0 -
- 0 0 0 0 0 0 0 0 0 0 4 0 0 0 0 0 0 0 0 6 6 2 0 2 0 0 -
- 0 0 0 0 0 6 2 0 0 4 4 2 0 0 0 0 0 2 6 6 2 0 0 2 0 0 -
- 0 0 0 0 0 6 6 2 4 6 4 2 2 2 2 2 2 2 4 4 2 0 2 2 0 0 -
- 0 0 0 0 0 4 6 4 2 4 2 4 2 2 2 2 2 2 6 6 4 2 4 4 0 0 -
- 0 0 0 0 2 2 4 4 2 2 2 4 2 2 2 2 2 2 6 6 4 2 2 4 0 0 -
- 0 0 0 4 6 4 2 2 2 2 2 2 4 2 2 2 4 2 4 2 4 2 6 0 0 0 -
- 0 0 0 2 2 2 2 2 2 0 0 2 2 2 2 2 4 2 0 0 0 0 0 0 0 0 -
- 0 0 0 0 0 0 0 2 0 0 0 0 0 0 0 0 0 0 0 0 0 0 0 0 0 0 -
- 0 0 0 0 0 0 0 0 0 0 0 0 0 0 0 0 0 0 0 0 0 0 0 0 0 0 -
- 0 0 0 0 0 0 0 0 0 0 0 0 0 0 0 0 0 0 0 0 0 0 0 0 0 0 -
- 0 0 0 0 0 0 0 0 0 0 0 0 0 0 0 0 0 0 0 0 0 0 0 0 0 0 -
- 0 0 0 0 0 0 0 0 0 0 0 0 0 0 0 0 0 0 0 0 0 0 0 0 0 0 -
- 0 0 0 0 0 0 0 0 0 0 0 0 0 0 0 0 0 0 0 0 0 0 0 0 0 0 -
- 0 0 0 0 0 0 0 0 0 0 0 0 0 0 0 0 0 0 0 0 0 0 0 0 0 0 -
- 0 0 0 0 0 0 0 0 0 0 0 0 0 0 0 0 0 0 0 0 0 0 0 0 0 0 -
- 0 0 0 0 0 0 0 0 0 0 0 0 0 0 0 0 0 0 0 0 0 0 0 0 0 0 -
- 0 0 0 0 0 0 0 0 0 0 0 0 0 0 0 0 0 0 0 0 0 0 0 0 0 0 -
- 0 0 0 0 0 0 0 0 0 0 0 0 0 0 0 0 0 0 0 0 0 0 0 0 0 0 -
- 0 0 0 0 0 0 0 0 0 0 0 0 0 0 0 0 0 0 0 0 0 0 0 0 0 0 -
- - - - - - - - - - - - - - - - - - - - - - - - - - - -

#TECTONIC _NOMINAL
- - - - - - - - - - - - - - - - - - - - - - - - - - - -
- 0 0 0 0 0 0 0 1 1 1 1 1 0 0 0 0 0 0 0 0 0 1 1 1 1 0 -
- 0 0 0 0 0 1 1 1 1 1 1 1 1 0 0 0 0 0 0 0 1 1 1 1 1 0 -
- 0 0 0 0 1 1 2 2 2 1 1 0 0 0 0 0 0 0 0 1 1 1 1 1 1 1 -
- 0 0 0 1 1 1 2 2 2 2 1 1 0 0 0 0 0 0 0 1 1 1 1 1 1 1 -
- 0 0 0 1 1 1 1 1 1 1 1 1 1 1 1 1 1 1 1 1 1 1 1 1 1 1 -
- 0 1 2 2 2 1 1 1 1 1 1 1 1 1 1 1 1 1 1 1 1 1 1 1 1 1 -
- 1 2 2 2 2 1 1 1 1 1 1 1 1 1 1 2 1 1 1 1 1 2 1 1 2 2 -
- 1 2 2 2 1 1 1 1 2 2 2 1 1 1 2 2 2 1 1 1 2 2 1 1 2 2 -
- 1 1 1 1 1 1 1 2 2 2 2 2 2 2 2 2 2 1 1 2 2 1 1 2 2 2 -
- 1 1 1 1 1 2 2 2 2 2 2 2 2 2 2 2 2 2 2 2 2 2 2 2 2 2 -
- 1 1 1 2 2 2 2 2 2 2 2 2 2 2 3 3 3 3 3 3 2 2 2 3 3 3 -
- 2 2 2 3 3 3 2 3 3 3 3 3 2 2 2 3 3 3 3 3 2 3 2 3 3 3 -
- 2 3 3 3 3 3 2 3 3 3 3 3 2 2 2 3 3 3 3 3 3 3 3 3 3 3 -
- 3 3 3 3 3 3 3 3 3 3 3 3 3 2 3 3 3 3 3 3 3 3 3 3 3 3 -
- 3 3 3 3 3 3 3 3 3 3 3 3 3 3 3 3 3 3 3 3 3 3 3 3 3 3 -
- 3 3 3 3 3 3 3 3 3 3 3 3 3 3 3 3 3 3 3 3 3 3 3 3 3 3 -
- 3 3 3 3 3 3 3 3 3 3 3 3 3 3 3 3 3 3 3 3 3 3 3 3 3 3 -
- 3 3 3 3 3 3 3 3 3 3 3 3 3 3 3 3 3 3 3 3 3 3 3 3 3 3 -
- 3 3 3 3 3 3 3 3 3 3 3 3 3 3 3 3 3 3 3 3 3 3 3 3 3 3 -
- 3 3 3 3 3 3 3 3 3 3 3 3 3 3 3 3 3 3 3 3 3 3 3 3 3 3 -
- 3 3 3 3 3 3 3 3 3 3 3 3 3 3 3 3 3 3 3 3 3 3 3 3 3 3 -
- 3 3 3 3 3 3 3 3 3 3 3 3 3 3 3 3 3 3 3 3 3 3 3 3 3 3 -
- - - - - - - - - - - - - - - - - - - - - - - - - - - -

#FACIES_ZONING _NOMINAL
- - - - - - - - - - - - - - - - - - - - - - - - - - - -
- 6 6 6 6 6 6 6 6 5 5 5 5 6 6 6 6 6 6 6 6 6 6 6 6 6 6 -
- 6 6 6 6 6 6 6 5 5 5 5 5 6 6 6 6 6 6 6 6 6 5 5 5 6 6 -
- 6 6 6 6 6 6 5 5 5 5 5 5 6 6 6 6 6 6 6 5 5 5 5 5 5 5 -
- 6 6 6 6 6 5 5 5 5 5 5 5 5 6 6 6 6 6 5 5 5 5 4 4 5 5 -
- 6 6 6 6 5 4 4 5 5 5 5 5 5 6 6 6 6 5 5 4 4 4 4 4 4 4 -
- 6 6 6 6 5 4 4 4 4 5 5 5 5 5 5 5 5 5 5 4 4 4 4 4 4 4 -
- 6 6 6 5 5 5 4 4 4 4 4 5 5 5 5 5 5 4 4 4 4 4 4 4 4 4 -
- 6 6 6 5 5 4 4 4 4 4 4 4 5 5 5 5 4 4 4 4 4 4 4 4 2 2 -
- 6 6 5 5 4 4 4 4 4 4 4 4 4 4 4 4 4 4 4 4 4 4 4 2 2 2 -
- 6 6 5 4 4 3 3 3 3 2 2 4 4 2 2 2 4 4 4 4 3 3 3 1 1 1 -
- 6 6 2 2 2 2 3 3 2 2 2 2 3 3 3 3 2 2 2 2 3 1 3 1 1 1 -
- 2 2 2 1 1 1 3 3 1 1 1 1 3 3 3 3 2 1 1 1 3 1 1 1 1 1 -
- 2 1 1 1 1 1 3 1 1 1 1 1 3 3 3 2 1 1 1 1 1 1 1 1 1 1 -
- 1 1 1 1 1 1 1 1 1 1 1 1 3 3 3 1 1 1 1 1 1 1 1 1 1 1 -
- 1 1 1 1 1 1 1 1 1 1 1 1 1 1 1 1 1 1 1 1 1 1 1 1 1 1 -
- 1 1 1 1 1 1 1 1 1 1 1 1 1 1 1 1 1 1 1 1 1 1 1 1 1 1 -
- 1 1 1 1 1 1 1 1 1 1 1 1 1 1 1 1 1 1 1 1 1 1 1 1 1 1 -
- 1 1 1 1 1 1 1 1 1 1 1 1 1 1 1 1 1 1 1 1 1 1 1 1 1 1 -
- 1 1 1 1 1 1 1 1 1 1 1 1 1 1 1 1 1 1 1 1 1 1 1 1 1 1 -
- 1 1 1 1 1 1 1 1 1 1 1 1 1 1 1 1 1 1 1 1 1 1 1 1 1 1 -
- 1 1 1 1 1 1 1 1 1 1 1 1 1 1 1 1 1 1 1 1 1 1 1 1 1 1 -
- 1 1 1 1 1 1 1 1 1 1 1 1 1 1 1 1 1 1 1 1 1 1 1 1 1 1 -
- - - - - - - - - - - - - - - - - - - - - - - - - - - -
